Device: DDS120
State: Playing
Type: Live
Sample rate:   2.4M sps

Channel 0    Channel1
-0,072,              0,349
0,264,              0,404
0,317,              0,404
0,317,              0,409
0,321,              0,404
0,317,              0,409
0,321,              0,409
0,321,              0,409
0,321,              0,409
0,321,              0,409
0,321,              0,409
0,321,              0,404
0,317,              0,179
0,101,              0
-0,072,              0
-0,072,              -0,005
-0,077,              0
-0,072,              0
-0,072,              -0,005
-0,077,              0
-0,072,              0
-0,072,              0
-0,072,              0
-0,072,              0
-0,072,              0,359
0,273,              0,409
0,321,              0,404
0,317,              0,409
0,321,              0,404
0,317,              0,404
0,317,              0,404
0,317,              0,409
0,321,              0,409
0,321,              0,404
0,317,              0,404
0,317,              0,404
0,317,              0,159
0,082,              0
-0,072,              0
-0,072,              0
-0,072,              0
-0,072,              0
-0,072,              -0,005
-0,077,              -0,005
-0,077,              0
-0,072,              0
-0,072,              -0,005
-0,077,              0
-0,072,              0,364
0,278,              0,404
0,317,              0,404
0,317,              0,409
0,321,              0,404
0,317,              0,409
0,321,              0,404
0,317,              0,404
0,317,              0,404
0,317,              0,409
0,321,              0,404
0,317,              0,404
0,317,              0,14
0,062,              0
-0,072,              0
-0,072,              0
-0,072,              0
-0,072,              0
-0,072,              -0,005
-0,077,              -0,005
-0,077,              0
-0,072,              0
-0,072,              0
-0,072,              0
-0,072,              0,374
0,288,              0,404
0,317,              0,404
0,317,              0,404
0,317,              0,404
0,317,              0,404
0,317,              0,404
0,317,              0,409
0,321,              0,409
0,321,              0,409
0,321,              0,404
0,317,              0,409
0,321,              0,115
0,038,              -0,01
-0,082,              -0,01
-0,082,              -0,01
-0,082,              -0,01
-0,082,              -0,01
-0,082,              -0,01
-0,082,              -0,015
-0,086,              -0,015
-0,086,              -0,015
-0,086,              -0,015
-0,086,              -0,015
-0,086,              -0,01
-0,082,              -0,01
-0,082,              -0,01
-0,082,              -0,005
-0,077,              -0,005
-0,077,              -0,005
-0,077,              0
-0,072,              -0,005
-0,077,              -0,005
-0,077,              0
-0,072,              0
-0,072,              0,244
0,163,              0,404
0,317,              0,404
0,317,              0,404
0,317,              0,409
0,321,              0,409
0,321,              0,409
0,321,              0,409
0,321,              0,409
0,321,              0,409
0,321,              0,404
0,317,              0,404
0,317,              0,339
0,254,              0
-0,072,              0
-0,072,              0
-0,072,              -0,005
-0,077,              0
-0,072,              -0,005
-0,077,              0
-0,072,              0
-0,072,              0
-0,072,              0
-0,072,              0
-0,072,              0,264
0,182,              0,404
0,317,              0,404
0,317,              0,404
0,317,              0,404
0,317,              0,404
0,317,              0,409
0,321,              0,409
0,321,              0,414
0,326,              0,409
0,321,              0,404
0,317,              0,404
0,317,              0,314
0,23,              0
-0,072,              0
-0,072,              0
-0,072,              -0,005
-0,077,              0
-0,072,              -0,005
-0,077,              -0,005
-0,077,              0
-0,072,              0
-0,072,              -0,005
-0,077,              -0,005
-0,077,              0,284
0,202,              0,409
0,321,              0,404
0,317,              0,409
0,321,              0,404
0,317,              0,409
0,321,              0,404
0,317,              0,409
0,321,              0,404
0,317,              0,409
0,321,              0,409
0,321,              0,409
0,321,              0,294
0,211,              0
-0,072,              0
-0,072,              -0,005
-0,077,              -0,005
-0,077,              0
-0,072,              0
-0,072,              0
-0,072,              -0,005
-0,077,              0
-0,072,              -0,005
-0,077,              -0,005
-0,077,              0,304
0,221,              0,404
0,317,              0,409
0,321,              0,409
0,321,              0,404
0,317,              0,404
0,317,              0,409
0,321,              0,404
0,317,              0,409
0,321,              0,409
0,321,              0,409
0,321,              0,414
0,326,              0,274
0,192,              -0,005
-0,077,              0
-0,072,              0
-0,072,              0
-0,072,              0
-0,072,              -0,005
-0,077,              -0,005
-0,077,              -0,005
-0,077,              -0,005
-0,077,              -0,005
-0,077,              -0,005
-0,077,              0,314
0,23,              0,404
0,317,              0,409
0,321,              0,404
0,317,              0,409
0,321,              0,404
0,317,              0,404
0,317,              0,409
0,321,              0,404
0,317,              0,404
0,317,              0,404
0,317,              0,409
0,321,              0,249
0,168,              0
-0,072,              -0,005
-0,077,              0
-0,072,              0
-0,072,              0
-0,072,              0
-0,072,              0
-0,072,              0
-0,072,              0
-0,072,              0
-0,072,              -0,005
-0,077,              0,324
0,24,              0,404
0,317,              0,409
0,321,              0,409
0,321,              0,409
0,321,              0,409
0,321,              0,409
0,321,              0,409
0,321,              0,404
0,317,              0,409
0,321,              0,404
0,317,              0,404
0,317,              0,229
0,149,              0
-0,072,              -0,005
-0,077,              0
-0,072,              0
-0,072,              -0,005
-0,077,              0
-0,072,              -0,005
-0,077,              -0,005
-0,077,              0
-0,072,              0
-0,072,              -0,005
-0,077,              0,339
0,254,              0,409
0,321,              0,404
0,317,              0,409
0,321,              0,409
0,321,              0,409
0,321,              0,409
0,321,              0,409
0,321,              0,404
0,317,              0,409
0,321,              0,404
0,317,              0,409
0,321,              0,204
0,125,              0
-0,072,              -0,005
-0,077,              0
-0,072,              -0,005
-0,077,              0
-0,072,              -0,005
-0,077,              -0,005
-0,077,              -0,005
-0,077,              0
-0,072,              0
-0,072,              0
-0,072,              0,349
0,264,              0,404
0,317,              0,404
0,317,              0,409
0,321,              0,404
0,317,              0,409
0,321,              0,409
0,321,              0,404
0,317,              0,409
0,321,              0,404
0,317,              0,409
0,321,              0,404
0,317,              0,179
0,101,              -0,005
-0,077,              0
-0,072,              0
-0,072,              0
-0,072,              0
-0,072,              -0,005
-0,077,              0
-0,072,              0
-0,072,              0
-0,072,              0
-0,072,              -0,005
-0,077,              0,354
0,269,              0,399
0,312,              0,409
0,321,              0,404
0,317,              0,409
0,321,              0,404
0,317,              0,404
0,317,              0,409
0,321,              0,404
0,317,              0,409
0,321,              0,409
0,321,              0,404
0,317,              0,159
0,082,              -0,005
-0,077,              -0,015
-0,086,              -0,01
-0,082,              -0,015
-0,086,              -0,01
-0,082,              -0,01
-0,082,              -0,015
-0,086,              -0,015
-0,086,              -0,015
-0,086,              -0,015
-0,086,              -0,015
-0,086,              -0,015
-0,086,              -0,01
-0,082,              -0,01
-0,082,              -0,01
-0,082,              -0,005
-0,077,              -0,005
-0,077,              0
-0,072,              0
-0,072,              -0,005
-0,077,              0
-0,072,              0
-0,072,              0,179
0,101,              0,404
0,317,              0,404
0,317,              0,404
0,317,              0,409
0,321,              0,409
0,321,              0,404
0,317,              0,409
0,321,              0,404
0,317,              0,404
0,317,              0,409
0,321,              0,404
0,317,              0,389
0,302,              0
-0,072,              -0,005
-0,077,              0
-0,072,              0
-0,072,              -0,005
-0,077,              -0,005
-0,077,              -0,005
-0,077,              -0,005
-0,077,              0
-0,072,              0
-0,072,              0
-0,072,              0,214
0,134,              0,409
0,321,              0,409
0,321,              0,409
0,321,              0,409
0,321,              0,409
0,321,              0,414
0,326,              0,404
0,317,              0,409
0,321,              0,404
0,317,              0,404
0,317,              0,404
0,317,              0,369
0,283,              0
-0,072,              0
-0,072,              -0,005
-0,077,              0
-0,072,              0
-0,072,              -0,005
-0,077,              -0,005
-0,077,              -0,005
-0,077,              -0,005
-0,077,              -0,005
-0,077,              0
-0,072,              0,239
0,158,              0,409
0,321,              0,409
0,321,              0,409
0,321,              0,404
0,317,              0,404
0,317,              0,404
0,317,              0,409
0,321,              0,409
0,321,              0,409
0,321,              0,414
0,326,              0,409
0,321,              0,344
0,259,              -0,005
-0,077,              0
-0,072,              0
-0,072,              0
-0,072,              0
-0,072,              -0,005
-0,077,              0
-0,072,              0
-0,072,              -0,005
-0,077,              -0,005
-0,077,              0
-0,072,              0,259
0,178,              0,404
0,317,              0,409
0,321,              0,409
0,321,              0,404
0,317,              0,404
0,317,              0,404
0,317,              0,414
0,326,              0,404
0,317,              0,409
0,321,              0,404
0,317,              0,409
0,321,              0,319
0,235,              0
-0,072,              -0,005
-0,077,              -0,005
-0,077,              0
-0,072,              -0,005
-0,077,              0
-0,072,              0
-0,072,              0
-0,072,              -0,005
-0,077,              -0,005
-0,077,              -0,005
-0,077,              0,279
0,197,              0,409
0,321,              0,409
0,321,              0,409
0,321,              0,409
0,321,              0,404
0,317,              0,404
0,317,              0,404
0,317,              0,409
0,321,              0,409
0,321,              0,414
0,326,              0,409
0,321,              0,299
0,216,              0
-0,072,              -0,005
-0,077,              0
-0,072,              -0,005
-0,077,              0
-0,072,              -0,005
-0,077,              0
-0,072,              0
-0,072,              0
-0,072,              -0,005
-0,077,              -0,005
-0,077,              0,299
0,216,              0,404
0,317,              0,404
0,317,              0,409
0,321,              0,404
0,317,              0,409
0,321,              0,409
0,321,              0,404
0,317,              0,409
0,321,              0,404
0,317,              0,404
0,317,              0,409
0,321,              0,274
0,192,              0
-0,072,              0
-0,072,              -0,005
-0,077,              -0,005
-0,077,              -0,005
-0,077,              -0,005
-0,077,              0
-0,072,              0
-0,072,              -0,005
-0,077,              0
-0,072,              -0,005
-0,077,              0,309
0,226,              0,409
0,321,              0,409
0,321,              0,404
0,317,              0,409
0,321,              0,409
0,321,              0,404
0,317,              0,404
0,317,              0,409
0,321,              0,409
0,321,              0,409
0,321,              0,409
0,321,              0,259
0,178,              0
-0,072,              0
-0,072,              -0,005
-0,077,              0
-0,072,              -0,005
-0,077,              -0,005
-0,077,              0
-0,072,              0
-0,072,              0
-0,072,              0
-0,072,              0
-0,072,              0,324
0,24,              0,404
0,317,              0,409
0,321,              0,409
0,321,              0,404
0,317,              0,409
0,321,              0,409
0,321,              0,409
0,321,              0,409
0,321,              0,409
0,321,              0,409
0,321,              0,409
0,321,              0,234
0,154,              -0,005
-0,077,              0
-0,072,              0
-0,072,              -0,005
-0,077,              -0,005
-0,077,              -0,005
-0,077,              -0,005
-0,077,              0
-0,072,              -0,005
-0,077,              -0,005
-0,077,              -0,005
-0,077,              0,339
0,254,              0,409
0,321,              0,404
0,317,              0,404
0,317,              0,404
0,317,              0,409
0,321,              0,409
0,321,              0,404
0,317,              0,409
0,321,              0,409
0,321,              0,409
0,321,              0,409
0,321,              0,209
0,13,              -0,005
-0,077,              -0,015
-0,086,              -0,015
-0,086,              -0,015
-0,086,              -0,015
-0,086,              -0,015
-0,086,              -0,015
-0,086,              -0,015
-0,086,              -0,015
-0,086,              -0,015
-0,086,              -0,01
-0,082,              -0,01
-0,082,              -0,01
-0,082,              -0,015
-0,086,              -0,02
-0,091,              -0,015
-0,086,              -0,005
-0,077,              0
-0,072,              -0,005
-0,077,              -0,005
-0,077,              0
-0,072,              -0,005
-0,077,              0,04
-0,034,              0,409
0,321,              0,404
0,317,              0,409
0,321,              0,404
0,317,              0,409
0,321,              0,404
0,317,              0,404
0,317,              0,409
0,321,              0,409
0,321,              0,404
0,317,              0,404
0,317,              0,404
0,317,              0
-0,072,              0
-0,072,              0,005
-0,067,              -0,005
-0,077,              0
-0,072,              -0,005
-0,077,              -0,005
-0,077,              -0,005
-0,077,              0
-0,072,              0
-0,072,              -0,005
-0,077,              0,115
0,038,              0,404
0,317,              0,404
0,317,              0,409
0,321,              0,404
0,317,              0,409
0,321,              0,409
0,321,              0,404
0,317,              0,409
0,321,              0,409
0,321,              0,404
0,317,              0,404
0,317,              0,404
0,317,              -0,005
-0,077,              0
-0,072,              -0,005
-0,077,              -0,005
-0,077,              0
-0,072,              -0,005
-0,077,              0
-0,072,              -0,005
-0,077,              -0,005
-0,077,              0
-0,072,              0
-0,072,              0,169
0,091,              0,409
0,321,              0,409
0,321,              0,409
0,321,              0,409
0,321,              0,404
0,317,              0,404
0,317,              0,409
0,321,              0,409
0,321,              0,409
0,321,              0,409
0,321,              0,409
0,321,              0,394
0,307,              -0,005
-0,077,              -0,005
-0,077,              -0,005
-0,077,              0
-0,072,              -0,005
-0,077,              0
-0,072,              0
-0,072,              0
-0,072,              -0,005
-0,077,              -0,005
-0,077,              -0,005
-0,077,              0,204
0,125,              0,409
0,321,              0,409
0,321,              0,404
0,317,              0,409
0,321,              0,404
0,317,              0,409
0,321,              0,409
0,321,              0,409
0,321,              0,409
0,321,              0,409
0,321,              0,409
0,321,              0,379
0,293,              0
-0,072,              -0,005
-0,077,              -0,005
-0,077,              -0,005
-0,077,              0
-0,072,              0
-0,072,              0
-0,072,              -0,005
-0,077,              0
-0,072,              -0,005
-0,077,              0
-0,072,              0,229
0,149,              0,409
0,321,              0,409
0,321,              0,404
0,317,              0,404
0,317,              0,404
0,317,              0,404
0,317,              0,409
0,321,              0,409
0,321,              0,409
0,321,              0,414
0,326,              0,409
0,321,              0,349
0,264,              0
-0,072,              0
-0,072,              -0,005
-0,077,              0
-0,072,              0
-0,072,              -0,005
-0,077,              0
-0,072,              0
-0,072,              -0,005
-0,077,              0
-0,072,              0
-0,072,              0,249
0,168,              0,404
0,317,              0,404
0,317,              0,409
0,321,              0,404
0,317,              0,409
0,321,              0,409
0,321,              0,404
0,317,              0,404
0,317,              0,409
0,321,              0,404
0,317,              0,409
0,321,              0,334
0,25,              0
-0,072,              0
-0,072,              -0,005
-0,077,              -0,005
-0,077,              -0,005
-0,077,              -0,005
-0,077,              -0,005
-0,077,              -0,005
-0,077,              0
-0,072,              -0,005
-0,077,              -0,005
-0,077,              0,274
0,192,              0,404
0,317,              0,409
0,321,              0,409
0,321,              0,409
0,321,              0,409
0,321,              0,404
0,317,              0,409
0,321,              0,404
0,317,              0,404
0,317,              0,404
0,317,              0,404
0,317,              0,309
0,226,              0
-0,072,              -0,005
-0,077,              0
-0,072,              -0,005
-0,077,              -0,005
-0,077,              -0,005
-0,077,              -0,005
-0,077,              0
-0,072,              0
-0,072,              0
-0,072,              -0,005
-0,077,              0,294
0,211,              0,409
0,321,              0,404
0,317,              0,409
0,321,              0,409
0,321,              0,409
0,321,              0,409
0,321,              0,409
0,321,              0,399
0,312,              0,409
0,321,              0,404
0,317,              0,404
0,317,              0,284
0,202,              -0,005
-0,077,              -0,005
-0,077,              0
-0,072,              -0,005
-0,077,              0
-0,072,              -0,005
-0,077,              -0,005
-0,077,              -0,005
-0,077,              -0,005
-0,077,              -0,005
-0,077,              0
-0,072,              0,309
0,226,              0,409
0,321,              0,409
0,321,              0,409
0,321,              0,409
0,321,              0,409
0,321,              0,409
0,321,              0,409
0,321,              0,409
0,321,              0,404
0,317,              0,404
0,317,              0,404
0,317,              0,259
0,178,              -0,005
-0,077,              -0,015
-0,086,              -0,015
-0,086,              -0,015
-0,086,              -0,01
-0,082,              -0,015
-0,086,              -0,02
-0,091,              -0,015
-0,086,              -0,01
-0,082,              -0,015
-0,086,              -0,015
-0,086,              -0,01
-0,082,              -0,015
-0,086,              -0,015
-0,086,              -0,005
-0,077,              0
-0,072,              -0,005
-0,077,              0
-0,072,              0
-0,072,              -0,005
-0,077,              0
-0,072,              0
-0,072,              0
-0,072,              0,404
0,317,              0,404
0,317,              0,409
0,321,              0,404
0,317,              0,409
0,321,              0,409
0,321,              0,404
0,317,              0,409
0,321,              0,409
0,321,              0,409
0,321,              0,404
0,317,              0,409
0,321,              0,005
-0,067,              0
-0,072,              0
-0,072,              0
-0,072,              0
-0,072,              -0,005
-0,077,              -0,005
-0,077,              -0,005
-0,077,              -0,005
-0,077,              0
-0,072,              0
-0,072,              0
-0,072,              0,409
0,321,              0,404
0,317,              0,404
0,317,              0,409
0,321,              0,404
0,317,              0,409
0,321,              0,409
0,321,              0,404
0,317,              0,409
0,321,              0,409
0,321,              0,409
0,321,              0,404
0,317,              0
-0,072,              -0,005
-0,077,              -0,005
-0,077,              -0,005
-0,077,              0
-0,072,              0
-0,072,              -0,005
-0,077,              -0,005
-0,077,              -0,005
-0,077,              0
-0,072,              0
-0,072,              0,025
-0,048,              0,409
0,321,              0,409
0,321,              0,404
0,317,              0,404
0,317,              0,404
0,317,              0,404
0,317,              0,404
0,317,              0,409
0,321,              0,404
0,317,              0,409
0,321,              0,404
0,317,              0,409
0,321,              0
-0,072,              0
-0,072,              0
-0,072,              -0,005
-0,077,              -0,005
-0,077,              0
-0,072,              -0,005
-0,077,              0
-0,072,              0
-0,072,              -0,005
-0,077,              0
-0,072,              0,09
0,014,              0,404
0,317,              0,409
0,321,              0,414
0,326,              0,404
0,317,              0,409
0,321,              0,409
0,321,              0,409
0,321,              0,409
0,321,              0,404
0,317,              0,404
0,317,              0,409
0,321,              0,409
0,321,              0
-0,072,              -0,005
-0,077,              -0,005
-0,077,              0
-0,072,              0
-0,072,              -0,005
-0,077,              0
-0,072,              -0,005
-0,077,              0
-0,072,              0
-0,072,              -0,005
-0,077,              0,154
0,077,              0,409
0,321,              0,404
0,317,              0,404
0,317,              0,409
0,321,              0,409
0,321,              0,404
0,317,              0,409
0,321,              0,404
0,317,              0,404
0,317,              0,404
0,317,              0,409
0,321,              0,399
0,312,              0
-0,072,              -0,005
-0,077,              0
-0,072,              0
-0,072,              -0,005
-0,077,              -0,005
-0,077,              0
-0,072,              0
-0,072,              0
-0,072,              0
-0,072,              0
-0,072,              0,194
0,115,              0,404
0,317,              0,404
0,317,              0,404
0,317,              0,404
0,317,              0,409
0,321,              0,409
0,321,              0,409
0,321,              0,409
0,321,              0,409
0,321,              0,409
0,321,              0,404
0,317,              0,384
0,297,              0
-0,072,              0
-0,072,              0
-0,072,              0
-0,072,              0
-0,072,              0
-0,072,              -0,005
-0,077,              0
-0,072,              0
-0,072,              0
-0,072,              0
-0,072,              0,219
0,139,              0,399
0,312,              0,399
0,312,              0,404
0,317,              0,409
0,321,              0,409
0,321,              0,404
0,317,              0,409
0,321,              0,404
0,317,              0,409
0,321,              0,404
0,317,              0,404
0,317,              0,359
0,273,              0
-0,072,              -0,005
-0,077,              0
-0,072,              0
-0,072,              0
-0,072,              0
-0,072,              -0,005
-0,077,              0
-0,072,              0
-0,072,              0
-0,072,              0
-0,072,              0,244
0,163,              0,409
0,321,              0,404
0,317,              0,404
0,317,              0,409
0,321,              0,409
0,321,              0,409
0,321,              0,409
0,321,              0,404
0,317,              0,409
0,321,              0,404
0,317,              0,409
0,321,              0,329
0,245,              -0,005
-0,077,              -0,005
-0,077,              0
-0,072,              0
-0,072,              0
-0,072,              -0,005
-0,077,              -0,005
-0,077,              -0,005
-0,077,              0
-0,072,              0
-0,072,              0
-0,072,              0,269
0,187,              0,404
0,317,              0,404
0,317,              0,409
0,321,              0,404
0,317,              0,409
0,321,              0,409
0,321,              0,414
0,326,              0,409
0,321,              0,409
0,321,              0,409
0,321,              0,409
0,321,              0,309
0,226,              0
-0,072,              -0,015
-0,086,              -0,015
-0,086,              -0,015
-0,086,              -0,015
-0,086,              -0,015
-0,086,              -0,015
-0,086,              -0,01
-0,082,              -0,015
-0,086,              -0,02
-0,091,              -0,015
-0,086,              -0,015
-0,086,              -0,015
-0,086,              -0,015
-0,086,              -0,005
-0,077,              -0,005
-0,077,              -0,005
-0,077,              -0,005
-0,077,              -0,005
-0,077,              0
-0,072,              0
-0,072,              0
-0,072,              -0,005
-0,077,              0,404
0,317,              0,404
0,317,              0,404
0,317,              0,404
0,317,              0,404
0,317,              0,409
0,321,              0,404
0,317,              0,409
0,321,              0,404
0,317,              0,409
0,321,              0,409
0,321,              0,409
0,321,              0
-0,072,              -0,005
-0,077,              -0,005
-0,077,              -0,005
-0,077,              -0,005
-0,077,              -0,005
-0,077,              -0,005
-0,077,              0
-0,072,              -0,005
-0,077,              -0,005
-0,077,              0
-0,072,              0
-0,072,              0,409
0,321,              0,404
0,317,              0,409
0,321,              0,404
0,317,              0,404
0,317,              0,404
0,317,              0,404
0,317,              0,404
0,317,              0,414
0,326,              0,404
0,317,              0,404
0,317,              0,404
0,317,              0
-0,072,              0
-0,072,              0
-0,072,              0
-0,072,              0
-0,072,              0
-0,072,              -0,005
-0,077,              -0,005
-0,077,              -0,005
-0,077,              0
-0,072,              0
-0,072,              0
-0,072,              0,409
0,321,              0,409
0,321,              0,404
0,317,              0,404
0,317,              0,409
0,321,              0,404
0,317,              0,404
0,317,              0,404
0,317,              0,404
0,317,              0,409
0,321,              0,409
0,321,              0,409
0,321,              0
-0,072,              0
-0,072,              -0,005
-0,077,              -0,005
-0,077,              0
-0,072,              0
-0,072,              0
-0,072,              -0,005
-0,077,              -0,005
-0,077,              -0,005
-0,077,              -0,005
-0,077,              -0,005
-0,077,              0,404
0,317,              0,404
0,317,              0,409
0,321,              0,409
0,321,              0,409
0,321,              0,409
0,321,              0,404
0,317,              0,409
0,321,              0,404
0,317,              0,404
0,317,              0,409
0,321,              0,404
0,317,              -0,005
-0,077,              -0,005
-0,077,              -0,005
-0,077,              0
-0,072,              -0,005
-0,077,              -0,005
-0,077,              -0,005
-0,077,              0
-0,072,              -0,005
-0,077,              -0,005
-0,077,              0
-0,072,              0,01
-0,062,              0,409
0,321,              0,404
0,317,              0,404
0,317,              0,404
0,317,              0,409
0,321,              0,409
0,321,              0,409
0,321,              0,409
0,321,              0,404
0,317,              0,404
0,317,              0,409
0,321,              0,414
0,326,              0
-0,072,              0
-0,072,              0
-0,072,              -0,005
-0,077,              -0,005
-0,077,              0
-0,072,              0
-0,072,              0
-0,072,              0
-0,072,              0
-0,072,              0
-0,072,              0,065
-0,01,              0,404
0,317,              0,409
0,321,              0,409
0,321,              0,409
0,321,              0,409
0,321,              0,409
0,321,              0,404
0,317,              0,404
0,317,              0,404
0,317,              0,409
0,321,              0,404
0,317,              0,409
0,321,              0
-0,072,              -0,005
-0,077,              0
-0,072,              -0,005
-0,077,              -0,005
-0,077,              -0,005
-0,077,              -0,005
-0,077,              0
-0,072,              -0,005
-0,077,              0
-0,072,              0
-0,072,              0,14
0,062,              0,404
0,317,              0,409
0,321,              0,404
0,317,              0,404
0,317,              0,409
0,321,              0,409
0,321,              0,409
0,321,              0,404
0,317,              0,409
0,321,              0,404
0,317,              0,404
0,317,              0,404
0,317,              0
-0,072,              0
-0,072,              0
-0,072,              -0,005
-0,077,              -0,005
-0,077,              -0,005
-0,077,              -0,005
-0,077,              -0,005
-0,077,              -0,005
-0,077,              0
-0,072,              0
-0,072,              0,189
0,11,              0,404
0,317,              0,404
0,317,              0,409
0,321,              0,404
0,317,              0,404
0,317,              0,409
0,321,              0,409
0,321,              0,409
0,321,              0,409
0,321,              0,409
0,321,              0,404
0,317,              0,384
0,297,              0
-0,072,              -0,005
-0,077,              0
-0,072,              0
-0,072,              -0,005
-0,077,              -0,005
-0,077,              -0,005
-0,077,              -0,005
-0,077,              -0,005
-0,077,              -0,005
-0,077,              -0,005
-0,077,              0,219
0,139,              0,404
0,317,              0,409
0,321,              0,404
0,317,              0,404
0,317,              0,404
0,317,              0,409
0,321,              0,409
0,321,              0,404
0,317,              0,409
0,321,              0,409
0,321,              0,404
0,317,              0,364
0,278,              0
-0,072,              -0,01
-0,082,              -0,015
-0,086,              -0,015
-0,086,              -0,015
-0,086,              -0,015
-0,086,              -0,02
-0,091,              -0,015
-0,086,              -0,015
-0,086,              -0,02
-0,091,              -0,01
-0,082,              -0,015
-0,086,              -0,02
-0,091,              -0,005
-0,077,              -0,01
-0,082,              -0,02
-0,091,              0
-0,072,              -0,005
-0,077,              -0,005
-0,077,              -0,005
-0,077,              0
-0,072,              0
-0,072,              0,399
0,312,              0,404
0,317,              0,404
0,317,              0,399
0,312,              0,404
0,317,              0,414
0,326,              0,409
0,321,              0,409
0,321,              0,409
0,321,              0,409
0,321,              0,404
0,317,              0,404
0,317,              0,404
0,317,              0,409
0,321,              0,404
0,317,              0,409
0,321,              0,409
0,321,              0,409
0,321,              0,409
0,321,              0,409
0,321,              0,404
0,317,              0,409
0,321,              -0,02
-0,091,              -0,015
-0,086,              -0,015
-0,086,              -0,015
-0,086,              -0,02
-0,091,              -0,02
-0,091,              -0,02
-0,091,              -0,02
-0,091,              -0,02
-0,091,              -0,02
-0,091,              -0,02
-0,091,              -0,02
-0,091,              -0,015
-0,086,              -0,015
-0,086,              -0,015
-0,086,              -0,02
-0,091,              -0,02
-0,091,              -0,02
-0,091,              -0,02
-0,091,              -0,02
-0,091,              -0,02
-0,091,              -0,015
-0,086,              -0,015
-0,086,              -0,02
-0,091,              -0,02
-0,091,              -0,02
-0,091,              -0,02
-0,091,              -0,015
-0,086,              -0,015
-0,086,              -0,02
-0,091,              -0,015
-0,086,              -0,015
-0,086,              -0,02
-0,091,              -0,015
-0,086,              -0,02
-0,091,              -0,02
-0,091,              -0,015
-0,086,              -0,015
-0,086,              -0,015
-0,086,              -0,02
-0,091,              -0,015
-0,086,              -0,015
-0,086,              -0,02
-0,091,              -0,02
-0,091,              -0,015
-0,086,              -0,015
-0,086,              -0,02
-0,091,              -0,015
-0,086,              -0,02
-0,091,              -0,015
-0,086,              -0,015
-0,086,              -0,02
-0,091,              -0,015
-0,086,              -0,015
-0,086,              -0,02
-0,091,              -0,02
-0,091,              -0,015
-0,086,              -0,02
-0,091,              -0,02
-0,091,              -0,02
-0,091,              -0,015
-0,086,              -0,015
-0,086,              -0,02
-0,091,              -0,015
-0,086,              -0,015
-0,086,              -0,02
-0,091,              -0,02
-0,091,              -0,02
-0,091,              -0,02
-0,091,              -0,02
-0,091,              -0,02
-0,091,              -0,02
-0,091,              -0,015
-0,086,              -0,015
-0,086,              -0,01
-0,082,              -0,02
-0,091,              -0,02
-0,091,              -0,015
-0,086,              -0,02
-0,091,              -0,015
-0,086,              -0,015
-0,086,              -0,015
-0,086,              -0,015
-0,086,              -0,02
-0,091,              -0,015
-0,086,              -0,02
-0,091,              -0,015
-0,086,              -0,02
-0,091,              -0,015
-0,086,              -0,02
-0,091,              -0,015
-0,086,              -0,02
-0,091,              -0,015
-0,086,              -0,015
-0,086,              -0,02
-0,091,              -0,015
-0,086,              -0,02
-0,091,              -0,015
-0,086,              -0,02
-0,091,              -0,015
-0,086,              -0,02
-0,091,              -0,015
-0,086,              -0,02
-0,091,              -0,015
-0,086,              -0,015
-0,086,              -0,02
-0,091,              -0,015
-0,086,              -0,015
-0,086,              -0,02
-0,091,              -0,02
-0,091,              -0,015
-0,086,              -0,02
-0,091,              -0,015
-0,086,              -0,015
-0,086,              -0,02
-0,091,              -0,015
-0,086,              -0,015
-0,086,              -0,02
-0,091,              -0,02
-0,091,              -0,015
-0,086,              -0,02
-0,091,              -0,015
-0,086,              -0,015
-0,086,              -0,015
-0,086,              -0,015
-0,086,              -0,015
-0,086,              -0,015
-0,086,              -0,015
-0,086,              -0,02
-0,091,              -0,015
-0,086,              -0,015
-0,086,              -0,02
-0,091,              -0,02
-0,091,              -0,015
-0,086,              -0,015
-0,086,              -0,02
-0,091,              -0,015
-0,086,              -0,015
